(kicad_pcb (version 20171130) (host pcbnew "(5.1.12)-1")

  (general
    (thickness 1.6)
    (drawings 4)
    (tracks 57)
    (zones 0)
    (modules 14)
    (nets 35)
  )

  (page A4)
  (layers
    (0 F.Cu signal)
    (31 B.Cu signal)
    (32 B.Adhes user)
    (33 F.Adhes user)
    (34 B.Paste user)
    (35 F.Paste user)
    (36 B.SilkS user)
    (37 F.SilkS user)
    (38 B.Mask user)
    (39 F.Mask user)
    (40 Dwgs.User user)
    (41 Cmts.User user)
    (42 Eco1.User user)
    (43 Eco2.User user)
    (44 Edge.Cuts user)
    (45 Margin user)
    (46 B.CrtYd user)
    (47 F.CrtYd user)
    (48 B.Fab user)
    (49 F.Fab user)
  )

  (setup
    (last_trace_width 0.4)
    (trace_clearance 0.4)
    (zone_clearance 0.508)
    (zone_45_only no)
    (trace_min 0.2)
    (via_size 1)
    (via_drill 0.8)
    (via_min_size 0.4)
    (via_min_drill 0.3)
    (uvia_size 0.3)
    (uvia_drill 0.1)
    (uvias_allowed no)
    (uvia_min_size 0.2)
    (uvia_min_drill 0.1)
    (edge_width 0.05)
    (segment_width 0.2)
    (pcb_text_width 0.3)
    (pcb_text_size 1.5 1.5)
    (mod_edge_width 0.12)
    (mod_text_size 1 1)
    (mod_text_width 0.15)
    (pad_size 1.6 1.6)
    (pad_drill 0.85)
    (pad_to_mask_clearance 0)
    (aux_axis_origin 0 0)
    (visible_elements 7FFFFFFF)
    (pcbplotparams
      (layerselection 0x010fc_ffffffff)
      (usegerberextensions false)
      (usegerberattributes true)
      (usegerberadvancedattributes true)
      (creategerberjobfile true)
      (excludeedgelayer true)
      (linewidth 0.100000)
      (plotframeref false)
      (viasonmask false)
      (mode 1)
      (useauxorigin false)
      (hpglpennumber 1)
      (hpglpenspeed 20)
      (hpglpendiameter 15.000000)
      (psnegative false)
      (psa4output false)
      (plotreference true)
      (plotvalue true)
      (plotinvisibletext false)
      (padsonsilk false)
      (subtractmaskfromsilk false)
      (outputformat 1)
      (mirror false)
      (drillshape 1)
      (scaleselection 1)
      (outputdirectory ""))
  )

  (net 0 "")
  (net 1 "Net-(A1-Pad16)")
  (net 2 "Net-(A1-Pad15)")
  (net 3 "Net-(A1-Pad14)")
  (net 4 "Net-(A1-Pad13)")
  (net 5 "Net-(A1-Pad12)")
  (net 6 "Net-(A1-Pad11)")
  (net 7 "Net-(A1-Pad10)")
  (net 8 "Net-(A1-Pad9)")
  (net 9 FutureLCD2)
  (net 10 FutureLCD)
  (net 11 VoltageDiv2)
  (net 12 VoltageDiv1)
  (net 13 GND)
  (net 14 "Net-(A1-Pad3)")
  (net 15 VCC)
  (net 16 "Net-(A1-Pad1)")
  (net 17 "Net-(A1-Pad28)")
  (net 18 "Net-(A1-Pad27)")
  (net 19 "Net-(A1-Pad26)")
  (net 20 Blue2)
  (net 21 Green2)
  (net 22 Red2)
  (net 23 Blue1)
  (net 24 Green1)
  (net 25 Red1)
  (net 26 "Net-(A1-Pad18)")
  (net 27 "Net-(A1-Pad17)")
  (net 28 "Net-(D1-Pad1)")
  (net 29 "Net-(D1-Pad4)")
  (net 30 "Net-(D1-Pad3)")
  (net 31 "Net-(D2-Pad3)")
  (net 32 "Net-(D2-Pad4)")
  (net 33 "Net-(D2-Pad1)")
  (net 34 "Net-(A1-Pad8)")

  (net_class Default "This is the default net class."
    (clearance 0.4)
    (trace_width 0.4)
    (via_dia 1)
    (via_drill 0.8)
    (uvia_dia 0.3)
    (uvia_drill 0.1)
    (add_net Blue1)
    (add_net Blue2)
    (add_net FutureLCD)
    (add_net FutureLCD2)
    (add_net GND)
    (add_net Green1)
    (add_net Green2)
    (add_net "Net-(A1-Pad1)")
    (add_net "Net-(A1-Pad10)")
    (add_net "Net-(A1-Pad11)")
    (add_net "Net-(A1-Pad12)")
    (add_net "Net-(A1-Pad13)")
    (add_net "Net-(A1-Pad14)")
    (add_net "Net-(A1-Pad15)")
    (add_net "Net-(A1-Pad16)")
    (add_net "Net-(A1-Pad17)")
    (add_net "Net-(A1-Pad18)")
    (add_net "Net-(A1-Pad26)")
    (add_net "Net-(A1-Pad27)")
    (add_net "Net-(A1-Pad28)")
    (add_net "Net-(A1-Pad3)")
    (add_net "Net-(A1-Pad8)")
    (add_net "Net-(A1-Pad9)")
    (add_net "Net-(D1-Pad1)")
    (add_net "Net-(D1-Pad3)")
    (add_net "Net-(D1-Pad4)")
    (add_net "Net-(D2-Pad1)")
    (add_net "Net-(D2-Pad3)")
    (add_net "Net-(D2-Pad4)")
    (add_net Red1)
    (add_net Red2)
    (add_net VCC)
    (add_net VoltageDiv1)
    (add_net VoltageDiv2)
  )

  (module Module:Adafruit_Feather (layer B.Cu) (tedit 62389282) (tstamp 622E7ECD)
    (at 127.490001 77.745001)
    (descr "Common footprint for the Adafruit Feather series of boards, https://learn.adafruit.com/adafruit-feather/feather-specification")
    (tags "Adafruit Feather")
    (path /622AD84A)
    (fp_text reference A1 (at 10.16 7.62) (layer B.SilkS)
      (effects (font (size 1 1) (thickness 0.15)) (justify mirror))
    )
    (fp_text value Adafruit_Feather_HUZZAH32_ESP32 (at 10.16 -45.72 -180) (layer B.Fab)
      (effects (font (size 1 1) (thickness 0.15)) (justify mirror))
    )
    (fp_line (start -0.381 0) (end -1.27 -0.889) (layer B.Fab) (width 0.1))
    (fp_line (start -1.27 0.889) (end -0.381 0) (layer B.Fab) (width 0.1))
    (fp_line (start -1.7 -1) (end -1.7 1) (layer B.SilkS) (width 0.12))
    (fp_line (start 21.84 -41.91) (end 21.84 3.81) (layer B.CrtYd) (width 0.05))
    (fp_line (start 19.05 -44.7) (end 1.27 -44.7) (layer B.CrtYd) (width 0.05))
    (fp_line (start -1.52 -41.91) (end -1.52 3.81) (layer B.CrtYd) (width 0.05))
    (fp_line (start 19.05 6.46) (end 1.27 6.46) (layer B.SilkS) (width 0.12))
    (fp_line (start 19.05 -44.56) (end 1.27 -44.56) (layer B.SilkS) (width 0.12))
    (fp_line (start 21.7 3.81) (end 21.7 -41.91) (layer B.SilkS) (width 0.12))
    (fp_line (start -1.38 3.81) (end -1.38 -41.91) (layer B.SilkS) (width 0.12))
    (fp_line (start 19.05 6.35) (end 1.27 6.35) (layer B.Fab) (width 0.1))
    (fp_line (start -1.27 3.81) (end -1.27 -41.91) (layer B.Fab) (width 0.1))
    (fp_line (start 1.27 -44.45) (end 19.05 -44.45) (layer B.Fab) (width 0.1))
    (fp_line (start 21.59 -41.91) (end 21.59 3.81) (layer B.Fab) (width 0.1))
    (fp_line (start 19.05 6.6) (end 1.27 6.6) (layer B.CrtYd) (width 0.05))
    (fp_arc (start 19.05 3.81) (end 21.84 3.81) (angle 90) (layer B.CrtYd) (width 0.05))
    (fp_arc (start 1.27 3.81) (end 1.27 6.6) (angle 90) (layer B.CrtYd) (width 0.05))
    (fp_arc (start 19.05 -41.91) (end 21.59 -41.91) (angle -90) (layer B.Fab) (width 0.1))
    (fp_arc (start 1.27 -41.91) (end -1.27 -41.91) (angle 88.9) (layer B.Fab) (width 0.1))
    (fp_arc (start 1.27 3.81) (end -1.27 3.81) (angle -90) (layer B.Fab) (width 0.1))
    (fp_arc (start 19.05 3.81) (end 19.05 6.35) (angle -90) (layer B.Fab) (width 0.1))
    (fp_arc (start 1.27 -41.91) (end -1.38 -41.91) (angle 90) (layer B.SilkS) (width 0.12))
    (fp_arc (start 19.05 -41.91) (end 19.05 -44.56) (angle 90) (layer B.SilkS) (width 0.12))
    (fp_arc (start 1.27 3.81) (end 1.27 6.46) (angle 90) (layer B.SilkS) (width 0.12))
    (fp_arc (start 19.05 3.81) (end 21.7 3.81) (angle 90) (layer B.SilkS) (width 0.12))
    (fp_arc (start 1.27 -41.91) (end -1.52 -41.91) (angle 90) (layer B.CrtYd) (width 0.05))
    (fp_arc (start 19.05 -41.91) (end 19.05 -44.7) (angle 90) (layer B.CrtYd) (width 0.05))
    (fp_text user %R (at 10.16 -19.05 -180) (layer B.Fab)
      (effects (font (size 1 1) (thickness 0.15)) (justify mirror))
    )
    (pad 16 thru_hole circle (at 0 -38.1 180) (size 1.6 1.6) (drill 0.85) (layers *.Cu *.Mask)
      (net 1 "Net-(A1-Pad16)"))
    (pad 15 thru_hole circle (at 0 -35.56 180) (size 1.6 1.6) (drill 0.85) (layers *.Cu *.Mask)
      (net 2 "Net-(A1-Pad15)"))
    (pad 14 thru_hole circle (at 0 -33.02 180) (size 1.6 1.6) (drill 0.85) (layers *.Cu *.Mask)
      (net 3 "Net-(A1-Pad14)"))
    (pad 13 thru_hole circle (at 0 -30.48 180) (size 1.6 1.6) (drill 0.85) (layers *.Cu *.Mask)
      (net 4 "Net-(A1-Pad13)"))
    (pad 12 thru_hole circle (at 0 -27.94 180) (size 1.6 1.6) (drill 0.85) (layers *.Cu *.Mask)
      (net 5 "Net-(A1-Pad12)"))
    (pad 11 thru_hole circle (at 0 -25.4 180) (size 1.6 1.6) (drill 0.85) (layers *.Cu *.Mask)
      (net 6 "Net-(A1-Pad11)"))
    (pad 10 thru_hole circle (at 0 -22.86 180) (size 1.6 1.6) (drill 0.85) (layers *.Cu *.Mask)
      (net 7 "Net-(A1-Pad10)"))
    (pad 9 thru_hole circle (at 0 -20.32 180) (size 1.6 1.6) (drill 0.85) (layers *.Cu *.Mask)
      (net 8 "Net-(A1-Pad9)"))
    (pad 8 thru_hole circle (at 0 -17.78 180) (size 1.6 1.6) (drill 0.85) (layers *.Cu *.Mask)
      (net 34 "Net-(A1-Pad8)"))
    (pad 7 thru_hole circle (at 0 -15.24 180) (size 1.6 1.6) (drill 0.85) (layers *.Cu *.Mask)
      (net 9 FutureLCD2))
    (pad 6 thru_hole circle (at 0 -12.7 180) (size 1.6 1.6) (drill 0.85) (layers *.Cu *.Mask)
      (net 10 FutureLCD))
    (pad 5 thru_hole circle (at 0 -10.16 180) (size 1.6 1.6) (drill 0.85) (layers *.Cu *.Mask)
      (net 11 VoltageDiv2))
    (pad 4 thru_hole circle (at 0 -7.62 180) (size 1.6 1.6) (drill 0.85) (layers *.Cu *.Mask)
      (net 13 GND))
    (pad 3 thru_hole circle (at 0 -5.08 180) (size 1.6 1.6) (drill 0.85) (layers *.Cu *.Mask)
      (net 14 "Net-(A1-Pad3)"))
    (pad 2 thru_hole circle (at 0 -2.54 180) (size 1.6 1.6) (drill 0.85) (layers *.Cu *.Mask)
      (net 15 VCC))
    (pad 1 thru_hole rect (at 0 0 180) (size 1.6 1.6) (drill 0.85) (layers *.Cu *.Mask)
      (net 16 "Net-(A1-Pad1)"))
    (pad 28 thru_hole circle (at 20.32 -10.16 180) (size 1.6 1.6) (drill 0.85) (layers *.Cu *.Mask)
      (net 17 "Net-(A1-Pad28)"))
    (pad 27 thru_hole circle (at 20.32 -12.7 180) (size 1.6 1.6) (drill 0.85) (layers *.Cu *.Mask)
      (net 18 "Net-(A1-Pad27)"))
    (pad 26 thru_hole circle (at 20.32 -15.24 180) (size 1.6 1.6) (drill 0.85) (layers *.Cu *.Mask)
      (net 19 "Net-(A1-Pad26)"))
    (pad 25 thru_hole circle (at 20.32 -17.78 180) (size 1.6 1.6) (drill 0.85) (layers *.Cu *.Mask)
      (net 12 VoltageDiv1))
    (pad 24 thru_hole circle (at 20.32 -20.32 180) (size 1.6 1.6) (drill 0.85) (layers *.Cu *.Mask)
      (net 20 Blue2))
    (pad 23 thru_hole circle (at 20.32 -22.86 180) (size 1.6 1.6) (drill 0.85) (layers *.Cu *.Mask)
      (net 21 Green2))
    (pad 22 thru_hole circle (at 20.32 -25.4 180) (size 1.6 1.6) (drill 0.85) (layers *.Cu *.Mask)
      (net 22 Red2))
    (pad 21 thru_hole circle (at 20.32 -27.94 180) (size 1.6 1.6) (drill 0.85) (layers *.Cu *.Mask)
      (net 23 Blue1))
    (pad 20 thru_hole circle (at 20.32 -30.48 180) (size 1.6 1.6) (drill 0.85) (layers *.Cu *.Mask)
      (net 24 Green1))
    (pad 19 thru_hole circle (at 20.32 -33.02 180) (size 1.6 1.6) (drill 0.85) (layers *.Cu *.Mask)
      (net 25 Red1))
    (pad 18 thru_hole circle (at 20.32 -35.56 180) (size 1.6 1.6) (drill 0.85) (layers *.Cu *.Mask)
      (net 26 "Net-(A1-Pad18)"))
    (pad 17 thru_hole circle (at 20.32 -38.1 180) (size 1.6 1.6) (drill 0.85) (layers *.Cu *.Mask)
      (net 27 "Net-(A1-Pad17)"))
    (model ${KISYS3DMOD}/Module.3dshapes/Adafruit_Feather.wrl
      (at (xyz 0 0 0))
      (scale (xyz 1 1 1))
      (rotate (xyz 0 0 0))
    )
  )

  (module fab:LED_RGB_Cree_CLV1A-FKB_3.2x2.8mm (layer F.Cu) (tedit 5EC67E92) (tstamp 622E7EE2)
    (at 132.56 44.97)
    (descr "RGB LED 3.2x2.7mm http://www.avagotech.com/docs/AV02-0610EN")
    (tags "LED 3227")
    (path /622B02F0)
    (attr smd)
    (fp_text reference D1 (at 0 -2.5) (layer F.SilkS)
      (effects (font (size 1 1) (thickness 0.15)))
    )
    (fp_text value LED_RGB_CLV1A-FKB (at 0 2.6) (layer F.Fab)
      (effects (font (size 1 1) (thickness 0.15)))
    )
    (fp_line (start -1.6 -0.675) (end -0.9 -1.4) (layer F.Fab) (width 0.1))
    (fp_line (start -1.6 1.4) (end -1.6 -0.675) (layer F.Fab) (width 0.1))
    (fp_line (start 1.6 1.4) (end -1.6 1.4) (layer F.Fab) (width 0.1))
    (fp_line (start 1.6 -1.4) (end 1.6 1.4) (layer F.Fab) (width 0.1))
    (fp_line (start -0.9 -1.4) (end 1.6 -1.4) (layer F.Fab) (width 0.1))
    (fp_line (start -2.79 -0.52) (end -2.79 -1.52) (layer F.SilkS) (width 0.15))
    (fp_line (start 2.71 -1.52) (end -2.79 -1.52) (layer F.SilkS) (width 0.15))
    (fp_line (start 2.63 1.52) (end -2.77 1.52) (layer F.SilkS) (width 0.15))
    (fp_line (start 2.85 1.65) (end 2.85 -1.65) (layer F.CrtYd) (width 0.05))
    (fp_line (start -2.95 -1.65) (end -2.95 1.65) (layer F.CrtYd) (width 0.05))
    (fp_line (start -2.95 1.65) (end 2.85 1.65) (layer F.CrtYd) (width 0.05))
    (fp_line (start 2.85 -1.65) (end -2.95 -1.65) (layer F.CrtYd) (width 0.05))
    (fp_text user %R (at 0 -2.5) (layer F.Fab)
      (effects (font (size 1 1) (thickness 0.15)))
    )
    (pad 1 smd rect (at -1.75 -0.75 180) (size 1.5 1) (layers F.Cu F.Paste F.Mask)
      (net 28 "Net-(D1-Pad1)"))
    (pad 2 smd rect (at -1.75 0.75 180) (size 1.5 1) (layers F.Cu F.Paste F.Mask)
      (net 13 GND))
    (pad 4 smd rect (at 1.75 -0.75 180) (size 1.5 1) (layers F.Cu F.Paste F.Mask)
      (net 29 "Net-(D1-Pad4)"))
    (pad 3 smd rect (at 1.75 0.75 180) (size 1.5 1) (layers F.Cu F.Paste F.Mask)
      (net 30 "Net-(D1-Pad3)"))
    (model ${KISYS3DMOD}/LEDs.3dshapes/LED_RGB_1210.wrl
      (at (xyz 0 0 0))
      (scale (xyz 1 1 1))
      (rotate (xyz 0 0 0))
    )
  )

  (module fab:LED_RGB_Cree_CLV1A-FKB_3.2x2.8mm (layer F.Cu) (tedit 5EC67E92) (tstamp 622E7EF7)
    (at 132.56 57.67)
    (descr "RGB LED 3.2x2.7mm http://www.avagotech.com/docs/AV02-0610EN")
    (tags "LED 3227")
    (path /6230B1DD)
    (attr smd)
    (fp_text reference D2 (at 0 -2.5) (layer F.SilkS)
      (effects (font (size 1 1) (thickness 0.15)))
    )
    (fp_text value LED_RGB_CLV1A-FKB (at 0 2.6) (layer F.Fab)
      (effects (font (size 1 1) (thickness 0.15)))
    )
    (fp_line (start 2.85 -1.65) (end -2.95 -1.65) (layer F.CrtYd) (width 0.05))
    (fp_line (start -2.95 1.65) (end 2.85 1.65) (layer F.CrtYd) (width 0.05))
    (fp_line (start -2.95 -1.65) (end -2.95 1.65) (layer F.CrtYd) (width 0.05))
    (fp_line (start 2.85 1.65) (end 2.85 -1.65) (layer F.CrtYd) (width 0.05))
    (fp_line (start 2.63 1.52) (end -2.77 1.52) (layer F.SilkS) (width 0.15))
    (fp_line (start 2.71 -1.52) (end -2.79 -1.52) (layer F.SilkS) (width 0.15))
    (fp_line (start -2.79 -0.52) (end -2.79 -1.52) (layer F.SilkS) (width 0.15))
    (fp_line (start -0.9 -1.4) (end 1.6 -1.4) (layer F.Fab) (width 0.1))
    (fp_line (start 1.6 -1.4) (end 1.6 1.4) (layer F.Fab) (width 0.1))
    (fp_line (start 1.6 1.4) (end -1.6 1.4) (layer F.Fab) (width 0.1))
    (fp_line (start -1.6 1.4) (end -1.6 -0.675) (layer F.Fab) (width 0.1))
    (fp_line (start -1.6 -0.675) (end -0.9 -1.4) (layer F.Fab) (width 0.1))
    (fp_text user %R (at 0 -2.5) (layer F.Fab)
      (effects (font (size 1 1) (thickness 0.15)))
    )
    (pad 3 smd rect (at 1.75 0.75 180) (size 1.5 1) (layers F.Cu F.Paste F.Mask)
      (net 31 "Net-(D2-Pad3)"))
    (pad 4 smd rect (at 1.75 -0.75 180) (size 1.5 1) (layers F.Cu F.Paste F.Mask)
      (net 32 "Net-(D2-Pad4)"))
    (pad 2 smd rect (at -1.75 0.75 180) (size 1.5 1) (layers F.Cu F.Paste F.Mask)
      (net 13 GND))
    (pad 1 smd rect (at -1.75 -0.75 180) (size 1.5 1) (layers F.Cu F.Paste F.Mask)
      (net 33 "Net-(D2-Pad1)"))
    (model ${KISYS3DMOD}/LEDs.3dshapes/LED_RGB_1210.wrl
      (at (xyz 0 0 0))
      (scale (xyz 1 1 1))
      (rotate (xyz 0 0 0))
    )
  )

  (module fab:R_1206 (layer F.Cu) (tedit 60020482) (tstamp 622E7F08)
    (at 142.24 67.85 270)
    (descr "Resistor SMD 1206, hand soldering")
    (tags "resistor 1206")
    (path /62323B93)
    (attr smd)
    (fp_text reference R1 (at 0 -1.85 90) (layer F.SilkS)
      (effects (font (size 1 1) (thickness 0.15)))
    )
    (fp_text value R (at 0 1.9 90) (layer F.Fab)
      (effects (font (size 1 1) (thickness 0.15)))
    )
    (fp_line (start 3.25 1.1) (end -3.25 1.1) (layer F.CrtYd) (width 0.05))
    (fp_line (start 3.25 1.1) (end 3.25 -1.11) (layer F.CrtYd) (width 0.05))
    (fp_line (start -3.25 -1.11) (end -3.25 1.1) (layer F.CrtYd) (width 0.05))
    (fp_line (start -3.25 -1.11) (end 3.25 -1.11) (layer F.CrtYd) (width 0.05))
    (fp_line (start -1 -1.07) (end 1 -1.07) (layer F.SilkS) (width 0.12))
    (fp_line (start 1 1.07) (end -1 1.07) (layer F.SilkS) (width 0.12))
    (fp_line (start -1.6 -0.8) (end 1.6 -0.8) (layer F.Fab) (width 0.1))
    (fp_line (start 1.6 -0.8) (end 1.6 0.8) (layer F.Fab) (width 0.1))
    (fp_line (start 1.6 0.8) (end -1.6 0.8) (layer F.Fab) (width 0.1))
    (fp_line (start -1.6 0.8) (end -1.6 -0.8) (layer F.Fab) (width 0.1))
    (fp_text user %R (at 0 0 90) (layer F.Fab)
      (effects (font (size 0.7 0.7) (thickness 0.105)))
    )
    (pad 2 smd rect (at 2 0 270) (size 2 1.7) (layers F.Cu F.Paste F.Mask)
      (net 12 VoltageDiv1))
    (pad 1 smd rect (at -2 0 270) (size 2 1.7) (layers F.Cu F.Paste F.Mask)
      (net 13 GND))
    (model ${FAB}/fab.3dshapes/R_1206.step
      (at (xyz 0 0 0))
      (scale (xyz 1 1 1))
      (rotate (xyz 0 0 0))
    )
  )

  (module fab:R_1206 (layer F.Cu) (tedit 60020482) (tstamp 622E7F19)
    (at 134.62 67.85 270)
    (descr "Resistor SMD 1206, hand soldering")
    (tags "resistor 1206")
    (path /6232B4F1)
    (attr smd)
    (fp_text reference R2 (at 0 -1.85 90) (layer F.SilkS)
      (effects (font (size 1 1) (thickness 0.15)))
    )
    (fp_text value R (at 0 1.9 90) (layer F.Fab)
      (effects (font (size 1 1) (thickness 0.15)))
    )
    (fp_line (start -1.6 0.8) (end -1.6 -0.8) (layer F.Fab) (width 0.1))
    (fp_line (start 1.6 0.8) (end -1.6 0.8) (layer F.Fab) (width 0.1))
    (fp_line (start 1.6 -0.8) (end 1.6 0.8) (layer F.Fab) (width 0.1))
    (fp_line (start -1.6 -0.8) (end 1.6 -0.8) (layer F.Fab) (width 0.1))
    (fp_line (start 1 1.07) (end -1 1.07) (layer F.SilkS) (width 0.12))
    (fp_line (start -1 -1.07) (end 1 -1.07) (layer F.SilkS) (width 0.12))
    (fp_line (start -3.25 -1.11) (end 3.25 -1.11) (layer F.CrtYd) (width 0.05))
    (fp_line (start -3.25 -1.11) (end -3.25 1.1) (layer F.CrtYd) (width 0.05))
    (fp_line (start 3.25 1.1) (end 3.25 -1.11) (layer F.CrtYd) (width 0.05))
    (fp_line (start 3.25 1.1) (end -3.25 1.1) (layer F.CrtYd) (width 0.05))
    (fp_text user %R (at 0 0 90) (layer F.Fab)
      (effects (font (size 0.7 0.7) (thickness 0.105)))
    )
    (pad 1 smd rect (at -2 0 270) (size 2 1.7) (layers F.Cu F.Paste F.Mask)
      (net 13 GND))
    (pad 2 smd rect (at 2 0 270) (size 2 1.7) (layers F.Cu F.Paste F.Mask)
      (net 11 VoltageDiv2))
    (model ${FAB}/fab.3dshapes/R_1206.step
      (at (xyz 0 0 0))
      (scale (xyz 1 1 1))
      (rotate (xyz 0 0 0))
    )
  )

  (module fab:R_1206 (layer F.Cu) (tedit 60020482) (tstamp 622E7F2A)
    (at 140.24 41.91)
    (descr "Resistor SMD 1206, hand soldering")
    (tags "resistor 1206")
    (path /62329921)
    (attr smd)
    (fp_text reference R3 (at 0 -1.85) (layer F.SilkS)
      (effects (font (size 1 1) (thickness 0.15)))
    )
    (fp_text value R (at 0 1.9) (layer F.Fab)
      (effects (font (size 1 1) (thickness 0.15)))
    )
    (fp_line (start 3.25 1.1) (end -3.25 1.1) (layer F.CrtYd) (width 0.05))
    (fp_line (start 3.25 1.1) (end 3.25 -1.11) (layer F.CrtYd) (width 0.05))
    (fp_line (start -3.25 -1.11) (end -3.25 1.1) (layer F.CrtYd) (width 0.05))
    (fp_line (start -3.25 -1.11) (end 3.25 -1.11) (layer F.CrtYd) (width 0.05))
    (fp_line (start -1 -1.07) (end 1 -1.07) (layer F.SilkS) (width 0.12))
    (fp_line (start 1 1.07) (end -1 1.07) (layer F.SilkS) (width 0.12))
    (fp_line (start -1.6 -0.8) (end 1.6 -0.8) (layer F.Fab) (width 0.1))
    (fp_line (start 1.6 -0.8) (end 1.6 0.8) (layer F.Fab) (width 0.1))
    (fp_line (start 1.6 0.8) (end -1.6 0.8) (layer F.Fab) (width 0.1))
    (fp_line (start -1.6 0.8) (end -1.6 -0.8) (layer F.Fab) (width 0.1))
    (fp_text user %R (at 0 0) (layer F.Fab)
      (effects (font (size 0.7 0.7) (thickness 0.105)))
    )
    (pad 2 smd rect (at 2 0) (size 2 1.7) (layers F.Cu F.Paste F.Mask)
      (net 25 Red1))
    (pad 1 smd rect (at -2 0) (size 2 1.7) (layers F.Cu F.Paste F.Mask)
      (net 28 "Net-(D1-Pad1)"))
    (model ${FAB}/fab.3dshapes/R_1206.step
      (at (xyz 0 0 0))
      (scale (xyz 1 1 1))
      (rotate (xyz 0 0 0))
    )
  )

  (module fab:R_1206 (layer F.Cu) (tedit 60020482) (tstamp 622E7F3B)
    (at 140.24 44.45)
    (descr "Resistor SMD 1206, hand soldering")
    (tags "resistor 1206")
    (path /623296E8)
    (attr smd)
    (fp_text reference R4 (at 0 -1.85) (layer F.SilkS)
      (effects (font (size 1 1) (thickness 0.15)))
    )
    (fp_text value R (at 0 1.9) (layer F.Fab)
      (effects (font (size 1 1) (thickness 0.15)))
    )
    (fp_line (start -1.6 0.8) (end -1.6 -0.8) (layer F.Fab) (width 0.1))
    (fp_line (start 1.6 0.8) (end -1.6 0.8) (layer F.Fab) (width 0.1))
    (fp_line (start 1.6 -0.8) (end 1.6 0.8) (layer F.Fab) (width 0.1))
    (fp_line (start -1.6 -0.8) (end 1.6 -0.8) (layer F.Fab) (width 0.1))
    (fp_line (start 1 1.07) (end -1 1.07) (layer F.SilkS) (width 0.12))
    (fp_line (start -1 -1.07) (end 1 -1.07) (layer F.SilkS) (width 0.12))
    (fp_line (start -3.25 -1.11) (end 3.25 -1.11) (layer F.CrtYd) (width 0.05))
    (fp_line (start -3.25 -1.11) (end -3.25 1.1) (layer F.CrtYd) (width 0.05))
    (fp_line (start 3.25 1.1) (end 3.25 -1.11) (layer F.CrtYd) (width 0.05))
    (fp_line (start 3.25 1.1) (end -3.25 1.1) (layer F.CrtYd) (width 0.05))
    (fp_text user %R (at 0 0) (layer F.Fab)
      (effects (font (size 0.7 0.7) (thickness 0.105)))
    )
    (pad 1 smd rect (at -2 0) (size 2 1.7) (layers F.Cu F.Paste F.Mask)
      (net 29 "Net-(D1-Pad4)"))
    (pad 2 smd rect (at 2 0) (size 2 1.7) (layers F.Cu F.Paste F.Mask)
      (net 24 Green1))
    (model ${FAB}/fab.3dshapes/R_1206.step
      (at (xyz 0 0 0))
      (scale (xyz 1 1 1))
      (rotate (xyz 0 0 0))
    )
  )

  (module fab:R_1206 (layer F.Cu) (tedit 60020482) (tstamp 622E7F4C)
    (at 140.24 46.99)
    (descr "Resistor SMD 1206, hand soldering")
    (tags "resistor 1206")
    (path /62328DB4)
    (attr smd)
    (fp_text reference R5 (at 0 -1.85) (layer F.SilkS)
      (effects (font (size 1 1) (thickness 0.15)))
    )
    (fp_text value R (at 0 1.9) (layer F.Fab)
      (effects (font (size 1 1) (thickness 0.15)))
    )
    (fp_line (start 3.25 1.1) (end -3.25 1.1) (layer F.CrtYd) (width 0.05))
    (fp_line (start 3.25 1.1) (end 3.25 -1.11) (layer F.CrtYd) (width 0.05))
    (fp_line (start -3.25 -1.11) (end -3.25 1.1) (layer F.CrtYd) (width 0.05))
    (fp_line (start -3.25 -1.11) (end 3.25 -1.11) (layer F.CrtYd) (width 0.05))
    (fp_line (start -1 -1.07) (end 1 -1.07) (layer F.SilkS) (width 0.12))
    (fp_line (start 1 1.07) (end -1 1.07) (layer F.SilkS) (width 0.12))
    (fp_line (start -1.6 -0.8) (end 1.6 -0.8) (layer F.Fab) (width 0.1))
    (fp_line (start 1.6 -0.8) (end 1.6 0.8) (layer F.Fab) (width 0.1))
    (fp_line (start 1.6 0.8) (end -1.6 0.8) (layer F.Fab) (width 0.1))
    (fp_line (start -1.6 0.8) (end -1.6 -0.8) (layer F.Fab) (width 0.1))
    (fp_text user %R (at 0 0) (layer F.Fab)
      (effects (font (size 0.7 0.7) (thickness 0.105)))
    )
    (pad 2 smd rect (at 2 0) (size 2 1.7) (layers F.Cu F.Paste F.Mask)
      (net 23 Blue1))
    (pad 1 smd rect (at -2 0) (size 2 1.7) (layers F.Cu F.Paste F.Mask)
      (net 30 "Net-(D1-Pad3)"))
    (model ${FAB}/fab.3dshapes/R_1206.step
      (at (xyz 0 0 0))
      (scale (xyz 1 1 1))
      (rotate (xyz 0 0 0))
    )
  )

  (module fab:R_1206 (layer F.Cu) (tedit 60020482) (tstamp 622E7F5D)
    (at 140.24 54.61)
    (descr "Resistor SMD 1206, hand soldering")
    (tags "resistor 1206")
    (path /62330EC5)
    (attr smd)
    (fp_text reference R6 (at 0 -1.85) (layer F.SilkS)
      (effects (font (size 1 1) (thickness 0.15)))
    )
    (fp_text value R (at 0 1.9) (layer F.Fab)
      (effects (font (size 1 1) (thickness 0.15)))
    )
    (fp_line (start -1.6 0.8) (end -1.6 -0.8) (layer F.Fab) (width 0.1))
    (fp_line (start 1.6 0.8) (end -1.6 0.8) (layer F.Fab) (width 0.1))
    (fp_line (start 1.6 -0.8) (end 1.6 0.8) (layer F.Fab) (width 0.1))
    (fp_line (start -1.6 -0.8) (end 1.6 -0.8) (layer F.Fab) (width 0.1))
    (fp_line (start 1 1.07) (end -1 1.07) (layer F.SilkS) (width 0.12))
    (fp_line (start -1 -1.07) (end 1 -1.07) (layer F.SilkS) (width 0.12))
    (fp_line (start -3.25 -1.11) (end 3.25 -1.11) (layer F.CrtYd) (width 0.05))
    (fp_line (start -3.25 -1.11) (end -3.25 1.1) (layer F.CrtYd) (width 0.05))
    (fp_line (start 3.25 1.1) (end 3.25 -1.11) (layer F.CrtYd) (width 0.05))
    (fp_line (start 3.25 1.1) (end -3.25 1.1) (layer F.CrtYd) (width 0.05))
    (fp_text user %R (at 0 0) (layer F.Fab)
      (effects (font (size 0.7 0.7) (thickness 0.105)))
    )
    (pad 1 smd rect (at -2 0) (size 2 1.7) (layers F.Cu F.Paste F.Mask)
      (net 33 "Net-(D2-Pad1)"))
    (pad 2 smd rect (at 2 0) (size 2 1.7) (layers F.Cu F.Paste F.Mask)
      (net 22 Red2))
    (model ${FAB}/fab.3dshapes/R_1206.step
      (at (xyz 0 0 0))
      (scale (xyz 1 1 1))
      (rotate (xyz 0 0 0))
    )
  )

  (module fab:R_1206 (layer F.Cu) (tedit 60020482) (tstamp 622E7F6E)
    (at 140.24 57.15)
    (descr "Resistor SMD 1206, hand soldering")
    (tags "resistor 1206")
    (path /62331778)
    (attr smd)
    (fp_text reference R7 (at 0 -1.85) (layer F.SilkS)
      (effects (font (size 1 1) (thickness 0.15)))
    )
    (fp_text value R (at 0 1.9) (layer F.Fab)
      (effects (font (size 1 1) (thickness 0.15)))
    )
    (fp_line (start 3.25 1.1) (end -3.25 1.1) (layer F.CrtYd) (width 0.05))
    (fp_line (start 3.25 1.1) (end 3.25 -1.11) (layer F.CrtYd) (width 0.05))
    (fp_line (start -3.25 -1.11) (end -3.25 1.1) (layer F.CrtYd) (width 0.05))
    (fp_line (start -3.25 -1.11) (end 3.25 -1.11) (layer F.CrtYd) (width 0.05))
    (fp_line (start -1 -1.07) (end 1 -1.07) (layer F.SilkS) (width 0.12))
    (fp_line (start 1 1.07) (end -1 1.07) (layer F.SilkS) (width 0.12))
    (fp_line (start -1.6 -0.8) (end 1.6 -0.8) (layer F.Fab) (width 0.1))
    (fp_line (start 1.6 -0.8) (end 1.6 0.8) (layer F.Fab) (width 0.1))
    (fp_line (start 1.6 0.8) (end -1.6 0.8) (layer F.Fab) (width 0.1))
    (fp_line (start -1.6 0.8) (end -1.6 -0.8) (layer F.Fab) (width 0.1))
    (fp_text user %R (at 0 0) (layer F.Fab)
      (effects (font (size 0.7 0.7) (thickness 0.105)))
    )
    (pad 2 smd rect (at 2 0) (size 2 1.7) (layers F.Cu F.Paste F.Mask)
      (net 21 Green2))
    (pad 1 smd rect (at -2 0) (size 2 1.7) (layers F.Cu F.Paste F.Mask)
      (net 32 "Net-(D2-Pad4)"))
    (model ${FAB}/fab.3dshapes/R_1206.step
      (at (xyz 0 0 0))
      (scale (xyz 1 1 1))
      (rotate (xyz 0 0 0))
    )
  )

  (module fab:R_1206 (layer F.Cu) (tedit 60020482) (tstamp 622E7F7F)
    (at 140.24 59.69)
    (descr "Resistor SMD 1206, hand soldering")
    (tags "resistor 1206")
    (path /623322EA)
    (attr smd)
    (fp_text reference R8 (at 0 -1.85) (layer F.SilkS)
      (effects (font (size 1 1) (thickness 0.15)))
    )
    (fp_text value R (at 0 1.9) (layer F.Fab)
      (effects (font (size 1 1) (thickness 0.15)))
    )
    (fp_line (start -1.6 0.8) (end -1.6 -0.8) (layer F.Fab) (width 0.1))
    (fp_line (start 1.6 0.8) (end -1.6 0.8) (layer F.Fab) (width 0.1))
    (fp_line (start 1.6 -0.8) (end 1.6 0.8) (layer F.Fab) (width 0.1))
    (fp_line (start -1.6 -0.8) (end 1.6 -0.8) (layer F.Fab) (width 0.1))
    (fp_line (start 1 1.07) (end -1 1.07) (layer F.SilkS) (width 0.12))
    (fp_line (start -1 -1.07) (end 1 -1.07) (layer F.SilkS) (width 0.12))
    (fp_line (start -3.25 -1.11) (end 3.25 -1.11) (layer F.CrtYd) (width 0.05))
    (fp_line (start -3.25 -1.11) (end -3.25 1.1) (layer F.CrtYd) (width 0.05))
    (fp_line (start 3.25 1.1) (end 3.25 -1.11) (layer F.CrtYd) (width 0.05))
    (fp_line (start 3.25 1.1) (end -3.25 1.1) (layer F.CrtYd) (width 0.05))
    (fp_text user %R (at 0 0) (layer F.Fab)
      (effects (font (size 0.7 0.7) (thickness 0.105)))
    )
    (pad 1 smd rect (at -2 0) (size 2 1.7) (layers F.Cu F.Paste F.Mask)
      (net 31 "Net-(D2-Pad3)"))
    (pad 2 smd rect (at 2 0) (size 2 1.7) (layers F.Cu F.Paste F.Mask)
      (net 20 Blue2))
    (model ${FAB}/fab.3dshapes/R_1206.step
      (at (xyz 0 0 0))
      (scale (xyz 1 1 1))
      (rotate (xyz 0 0 0))
    )
  )

  (module fab:R_1206 (layer F.Cu) (tedit 60020482) (tstamp 622E7F90)
    (at 142.24 76.74 270)
    (descr "Resistor SMD 1206, hand soldering")
    (tags "resistor 1206")
    (path /622B4A45)
    (attr smd)
    (fp_text reference TH1 (at 0 -1.85 90) (layer F.SilkS)
      (effects (font (size 1 1) (thickness 0.15)))
    )
    (fp_text value Thermistor_NTC (at 0 1.9 90) (layer F.Fab)
      (effects (font (size 1 1) (thickness 0.15)))
    )
    (fp_line (start -1.6 0.8) (end -1.6 -0.8) (layer F.Fab) (width 0.1))
    (fp_line (start 1.6 0.8) (end -1.6 0.8) (layer F.Fab) (width 0.1))
    (fp_line (start 1.6 -0.8) (end 1.6 0.8) (layer F.Fab) (width 0.1))
    (fp_line (start -1.6 -0.8) (end 1.6 -0.8) (layer F.Fab) (width 0.1))
    (fp_line (start 1 1.07) (end -1 1.07) (layer F.SilkS) (width 0.12))
    (fp_line (start -1 -1.07) (end 1 -1.07) (layer F.SilkS) (width 0.12))
    (fp_line (start -3.25 -1.11) (end 3.25 -1.11) (layer F.CrtYd) (width 0.05))
    (fp_line (start -3.25 -1.11) (end -3.25 1.1) (layer F.CrtYd) (width 0.05))
    (fp_line (start 3.25 1.1) (end 3.25 -1.11) (layer F.CrtYd) (width 0.05))
    (fp_line (start 3.25 1.1) (end -3.25 1.1) (layer F.CrtYd) (width 0.05))
    (fp_text user %R (at 1.314999 0 90) (layer F.Fab)
      (effects (font (size 0.7 0.7) (thickness 0.105)))
    )
    (pad 1 smd rect (at -2 0 270) (size 2 1.7) (layers F.Cu F.Paste F.Mask)
      (net 12 VoltageDiv1))
    (pad 2 smd rect (at 2 0 270) (size 2 1.7) (layers F.Cu F.Paste F.Mask)
      (net 15 VCC))
    (model ${FAB}/fab.3dshapes/R_1206.step
      (at (xyz 0 0 0))
      (scale (xyz 1 1 1))
      (rotate (xyz 0 0 0))
    )
  )

  (module fab:R_1206 (layer F.Cu) (tedit 60020482) (tstamp 622EC811)
    (at 130.8862 69.945 90)
    (descr "Resistor SMD 1206, hand soldering")
    (tags "resistor 1206")
    (path /6235C44B)
    (attr smd)
    (fp_text reference R9 (at 0 -1.85 90) (layer F.SilkS)
      (effects (font (size 1 1) (thickness 0.15)))
    )
    (fp_text value R (at 0 1.9 90) (layer F.Fab)
      (effects (font (size 1 1) (thickness 0.15)))
    )
    (fp_line (start 3.25 1.1) (end -3.25 1.1) (layer F.CrtYd) (width 0.05))
    (fp_line (start 3.25 1.1) (end 3.25 -1.11) (layer F.CrtYd) (width 0.05))
    (fp_line (start -3.25 -1.11) (end -3.25 1.1) (layer F.CrtYd) (width 0.05))
    (fp_line (start -3.25 -1.11) (end 3.25 -1.11) (layer F.CrtYd) (width 0.05))
    (fp_line (start -1 -1.07) (end 1 -1.07) (layer F.SilkS) (width 0.12))
    (fp_line (start 1 1.07) (end -1 1.07) (layer F.SilkS) (width 0.12))
    (fp_line (start -1.6 -0.8) (end 1.6 -0.8) (layer F.Fab) (width 0.1))
    (fp_line (start 1.6 -0.8) (end 1.6 0.8) (layer F.Fab) (width 0.1))
    (fp_line (start 1.6 0.8) (end -1.6 0.8) (layer F.Fab) (width 0.1))
    (fp_line (start -1.6 0.8) (end -1.6 -0.8) (layer F.Fab) (width 0.1))
    (fp_text user %R (at 0 0 90) (layer F.Fab)
      (effects (font (size 0.7 0.7) (thickness 0.105)))
    )
    (pad 2 smd rect (at 2 0 90) (size 2 1.7) (layers F.Cu F.Paste F.Mask)
      (net 13 GND))
    (pad 1 smd rect (at -2 0 90) (size 2 1.7) (layers F.Cu F.Paste F.Mask)
      (net 13 GND))
    (model ${FAB}/fab.3dshapes/R_1206.step
      (at (xyz 0 0 0))
      (scale (xyz 1 1 1))
      (rotate (xyz 0 0 0))
    )
  )

  (module fab:PinHeader_1x02_P2.54mm_Horizontal_SMD (layer F.Cu) (tedit 608518ED) (tstamp 623072EC)
    (at 135.89 78.4352 270)
    (descr https://s3.amazonaws.com/catalogspreads-pdf/PAGE112-113%20.100%20MALE%20HDR.pdf)
    (tags "horizontal pin header SMD 2.54mm")
    (path /62306D3D)
    (attr smd)
    (fp_text reference J1 (at -1.524 -2.54 270) (layer F.SilkS)
      (effects (font (size 1 1) (thickness 0.15)) (justify right))
    )
    (fp_text value Conn_Header_JST_PH_1x02_P2mm_Vertical_SMD (at 0 5.715 90) (layer F.Fab)
      (effects (font (size 1 1) (thickness 0.15)))
    )
    (fp_line (start 6.4 -1.8) (end -1.8 -1.8) (layer F.CrtYd) (width 0.05))
    (fp_line (start 6.4 4.3) (end 6.4 -1.8) (layer F.CrtYd) (width 0.05))
    (fp_line (start -1.8 4.3) (end 6.4 4.3) (layer F.CrtYd) (width 0.05))
    (fp_line (start -1.8 -1.8) (end -1.8 4.3) (layer F.CrtYd) (width 0.05))
    (fp_line (start -1.27 -1.27) (end 0 -1.27) (layer F.SilkS) (width 0.12))
    (fp_line (start 3.81 3.81) (end 3.8 -1.27) (layer F.Fab) (width 0.1))
    (fp_line (start 3.8 -1.27) (end 6.34 -1.27) (layer F.Fab) (width 0.1))
    (fp_line (start 3.8 3.81) (end 6.35 3.81) (layer F.Fab) (width 0.1))
    (fp_line (start 6.34 -1.27) (end 6.35 3.81) (layer F.Fab) (width 0.1))
    (fp_line (start 3.81 0) (end -0.635 0) (layer F.Fab) (width 0.1))
    (fp_line (start 3.81 2.54) (end -0.635 2.54) (layer F.Fab) (width 0.1))
    (fp_line (start 3.81 -1.27) (end 6.35 -1.27) (layer F.SilkS) (width 0.12))
    (fp_line (start 6.35 -1.27) (end 6.35 3.81) (layer F.SilkS) (width 0.12))
    (fp_line (start 6.35 3.81) (end 3.81 3.81) (layer F.SilkS) (width 0.12))
    (fp_line (start 3.81 3.81) (end 3.81 -1.27) (layer F.SilkS) (width 0.12))
    (fp_line (start 3.81 -0.254) (end 1.27 -0.254) (layer F.SilkS) (width 0.12))
    (fp_line (start 3.81 0.254) (end 1.27 0.254) (layer F.SilkS) (width 0.12))
    (fp_line (start 3.81 2.286) (end 1.27 2.286) (layer F.SilkS) (width 0.12))
    (fp_line (start 3.81 2.794) (end 1.27 2.794) (layer F.SilkS) (width 0.12))
    (fp_line (start -0.635 -0.254) (end -0.635 0.254) (layer F.Fab) (width 0.1))
    (fp_line (start -0.635 2.286) (end -0.635 2.794) (layer F.Fab) (width 0.1))
    (fp_text user %R (at 2.6 1.2) (layer F.Fab)
      (effects (font (size 1 1) (thickness 0.15)))
    )
    (pad 1 smd rect (at 0 0 270) (size 2.5 1.7) (layers F.Cu F.Paste F.Mask)
      (net 11 VoltageDiv2))
    (pad 2 smd rect (at 0 2.54 270) (size 2.5 1.7) (layers F.Cu F.Paste F.Mask)
      (net 15 VCC))
    (model ${FAB}/fab.3dshapes/Header_SMD_01x02_P2.54mm_Horizontal_Male.step
      (at (xyz 0 0 0))
      (scale (xyz 1 1 1))
      (rotate (xyz 0 0 0))
    )
  )

  (gr_line (start 125.73 83.82) (end 125.73 33.02) (layer Edge.Cuts) (width 0.9) (tstamp 622ED5D6))
  (gr_line (start 149.86 83.82) (end 125.73 83.82) (layer Edge.Cuts) (width 0.9))
  (gr_line (start 149.86 33.02) (end 149.86 83.82) (layer Edge.Cuts) (width 0.9))
  (gr_line (start 125.73 33.02) (end 149.86 33.02) (layer Edge.Cuts) (width 0.9))

  (segment (start 134.62 69.85) (end 134.62 74.74) (width 0.4) (layer F.Cu) (net 11))
  (segment (start 129.755 69.85) (end 127.490001 67.585001) (width 0.4) (layer F.Cu) (net 11))
  (segment (start 134.62 69.85) (end 129.755 69.85) (width 0.4) (layer F.Cu) (net 11))
  (segment (start 135.89 76.01) (end 135.89 78.4352) (width 0.4) (layer F.Cu) (net 11))
  (segment (start 134.62 74.74) (end 135.89 76.01) (width 0.4) (layer F.Cu) (net 11))
  (segment (start 142.24 74.74) (end 142.24 69.85) (width 0.4) (layer F.Cu) (net 12))
  (segment (start 147.810001 59.965001) (end 144.78 62.995002) (width 0.4) (layer F.Cu) (net 12))
  (segment (start 144.78 67.31) (end 142.24 69.85) (width 0.4) (layer F.Cu) (net 12))
  (segment (start 144.78 62.995002) (end 144.78 67.31) (width 0.4) (layer F.Cu) (net 12))
  (segment (start 129.66 58.42) (end 130.81 58.42) (width 0.4) (layer F.Cu) (net 13))
  (segment (start 129.459999 58.219999) (end 129.66 58.42) (width 0.4) (layer F.Cu) (net 13))
  (segment (start 129.459999 47.070001) (end 129.459999 58.219999) (width 0.4) (layer F.Cu) (net 13))
  (segment (start 130.81 45.72) (end 129.459999 47.070001) (width 0.4) (layer F.Cu) (net 13))
  (segment (start 142.24 65.85) (end 134.62 65.85) (width 0.4) (layer F.Cu) (net 13))
  (segment (start 130.81 62.04) (end 134.62 65.85) (width 0.4) (layer F.Cu) (net 13))
  (segment (start 130.81 58.42) (end 130.81 62.04) (width 0.4) (layer F.Cu) (net 13))
  (segment (start 133.35 65.85) (end 130.81 68.39) (width 0.4) (layer F.Cu) (net 13))
  (segment (start 134.62 65.85) (end 133.35 65.85) (width 0.4) (layer F.Cu) (net 13))
  (segment (start 129.755 72.39) (end 127.490001 70.125001) (width 0.4) (layer F.Cu) (net 13))
  (segment (start 130.81 72.39) (end 129.755 72.39) (width 0.4) (layer F.Cu) (net 13))
  (segment (start 131.025 78.74) (end 127.490001 75.205001) (width 0.4) (layer F.Cu) (net 15))
  (segment (start 133.0452 78.74) (end 133.35 78.4352) (width 0.4) (layer F.Cu) (net 15))
  (segment (start 131.025 78.74) (end 133.0452 78.74) (width 0.4) (layer F.Cu) (net 15))
  (segment (start 133.35 80.0852) (end 134.6718 81.407) (width 0.4) (layer F.Cu) (net 15))
  (segment (start 133.35 78.4352) (end 133.35 80.0852) (width 0.4) (layer F.Cu) (net 15))
  (segment (start 139.573 81.407) (end 142.24 78.74) (width 0.4) (layer F.Cu) (net 15))
  (segment (start 134.6718 81.407) (end 139.573 81.407) (width 0.4) (layer F.Cu) (net 15))
  (segment (start 142.24 59.69) (end 143.51 59.69) (width 0.4) (layer F.Cu) (net 20))
  (segment (start 145.774999 57.425001) (end 147.810001 57.425001) (width 0.4) (layer F.Cu) (net 20))
  (segment (start 143.51 59.69) (end 145.774999 57.425001) (width 0.4) (layer F.Cu) (net 20))
  (segment (start 142.24 57.15) (end 143.51 57.15) (width 0.4) (layer F.Cu) (net 21))
  (segment (start 145.774999 54.885001) (end 147.810001 54.885001) (width 0.4) (layer F.Cu) (net 21))
  (segment (start 143.51 57.15) (end 145.774999 54.885001) (width 0.4) (layer F.Cu) (net 21))
  (segment (start 142.24 54.61) (end 143.51 54.61) (width 0.4) (layer F.Cu) (net 22))
  (segment (start 145.774999 52.345001) (end 147.810001 52.345001) (width 0.4) (layer F.Cu) (net 22))
  (segment (start 143.51 54.61) (end 145.774999 52.345001) (width 0.4) (layer F.Cu) (net 22))
  (segment (start 142.24 46.99) (end 143.51 46.99) (width 0.4) (layer F.Cu) (net 23))
  (segment (start 146.325001 49.805001) (end 147.810001 49.805001) (width 0.4) (layer F.Cu) (net 23))
  (segment (start 143.51 46.99) (end 146.325001 49.805001) (width 0.4) (layer F.Cu) (net 23))
  (segment (start 146.455001 47.265001) (end 147.810001 47.265001) (width 0.4) (layer F.Cu) (net 24))
  (segment (start 143.64 44.45) (end 146.455001 47.265001) (width 0.4) (layer F.Cu) (net 24))
  (segment (start 142.24 44.45) (end 143.64 44.45) (width 0.4) (layer F.Cu) (net 24))
  (segment (start 142.24 41.91) (end 143.51 41.91) (width 0.4) (layer F.Cu) (net 25))
  (segment (start 146.325001 44.725001) (end 147.810001 44.725001) (width 0.4) (layer F.Cu) (net 25))
  (segment (start 143.51 41.91) (end 146.325001 44.725001) (width 0.4) (layer F.Cu) (net 25))
  (segment (start 133.12 41.91) (end 130.81 44.22) (width 0.4) (layer F.Cu) (net 28))
  (segment (start 138.24 41.91) (end 133.12 41.91) (width 0.4) (layer F.Cu) (net 28))
  (segment (start 138.01 44.22) (end 138.24 44.45) (width 0.4) (layer F.Cu) (net 29))
  (segment (start 134.31 44.22) (end 138.01 44.22) (width 0.4) (layer F.Cu) (net 29))
  (segment (start 135.58 46.99) (end 138.24 46.99) (width 0.4) (layer F.Cu) (net 30))
  (segment (start 134.31 45.72) (end 135.58 46.99) (width 0.4) (layer F.Cu) (net 30))
  (segment (start 135.58 59.69) (end 134.31 58.42) (width 0.4) (layer F.Cu) (net 31))
  (segment (start 138.24 59.69) (end 135.58 59.69) (width 0.4) (layer F.Cu) (net 31))
  (segment (start 134.54 57.15) (end 134.31 56.92) (width 0.4) (layer F.Cu) (net 32))
  (segment (start 138.24 57.15) (end 134.54 57.15) (width 0.4) (layer F.Cu) (net 32))
  (segment (start 133.12 54.61) (end 130.81 56.92) (width 0.4) (layer F.Cu) (net 33))
  (segment (start 138.24 54.61) (end 133.12 54.61) (width 0.4) (layer F.Cu) (net 33))

)
